0
10
11
011
0111
1111
1011
01011
11011
10011
10111
10101
10101
11101
11001
11011
11010
11010
11110
11100
111010
111011
111011
111111
111111
101111
0101111
1101111
1001111
1011111
1010111
1010111
1110111
1100111
1101111
1101011
1101011
1111011
1110011
1110111
1110101
1110101
1111101
1111001
1111011
1111010
1111010
1111110
1111100
11111010
11111011
11111011
11111111
11111111
11101111
11101111
10101111
10101111
11101111
011101111
0111101111
1111101111
1011101111
01011101111
11011101111
10011101111
10111101111
10101101111
10101101111
11101101111
11001101111
11011101111
11010101111
11010101111
11110101111
11100101111
11101101111
11101001111
11101001111
11111001111
11110001111
11110101111
11110111111
11110111111
11111111111
11111111111
11011111111
11011111111
01011111111
01011111111
011011111111
111011111111
101011111111
0101011111111
1101011111111
1001011111111
1011011111111
1010011111111
1010011111111
1110011111111
1100011111111
1101011111111
1101111111111
1101111111111
1111111111111
1111111111111
00111111111111
10111111111111
